 RAX-2: TLE set good - Happy Tracking!
1341585372, 21.938406, 0.623897
1341585373, 21.964168, 0.674705
1341585374, 21.990014, 0.725782
1341585375, 22.015945, 0.777131
1341585376, 22.041962, 0.828752
1341585377, 22.068066, 0.880645
1341585378, 22.094258, 0.932809
1341585379, 22.120537, 0.985242
1341585380, 22.146906, 1.037946
1341585381, 22.173363, 1.090915
1341585382, 22.199910, 1.144149
1341585383, 22.226547, 1.197646
1341585384, 22.253275, 1.251406
1341585385, 22.280095, 1.305424
1341585386, 22.307006, 1.359700
1341585387, 22.334012, 1.414234
1341585388, 22.361110, 1.469018
1341585389, 22.388301, 1.524052
1341585390, 22.415588, 1.579336
1341585391, 22.442970, 1.634865
1341585392, 22.470448, 1.690638
1341585393, 22.498022, 1.746653
1341585394, 22.525694, 1.802908
1341585395, 22.553465, 1.859403
1341585396, 22.581333, 1.916130
1341585397, 22.609301, 1.973091
1341585398, 22.637369, 2.030283
1341585399, 22.665537, 2.087704
1341585400, 22.693807, 2.145353
1341585401, 22.722179, 2.203228
1341585402, 22.750655, 2.261329
1341585403, 22.779233, 2.319650
1341585404, 22.807915, 2.378191
1341585405, 22.836703, 2.436952
1341585406, 22.865596, 2.495930
1341585407, 22.894596, 2.555124
1341585408, 22.923702, 2.614533
1341585409, 22.952917, 2.674155
1341585410, 22.982242, 2.733992
1341585411, 23.011675, 2.794037
1341585412, 23.041219, 2.854292
1341585413, 23.070873, 2.914756
1341585414, 23.100639, 2.975428
1341585415, 23.130518, 3.036307
1341585416, 23.160511, 3.097392
1341585417, 23.190619, 3.158684
1341585418, 23.220841, 3.220178
1341585419, 23.251179, 3.281876
1341585420, 23.281633, 3.343777
1341585421, 23.312205, 3.405880
1341585422, 23.342896, 3.468186
1341585423, 23.373706, 3.530692
1341585424, 23.404636, 3.593399
1341585425, 23.435689, 3.656310
1341585426, 23.466862, 3.719417
1341585427, 23.498158, 3.782725
1341585428, 23.529578, 3.846232
1341585429, 23.561123, 3.909939
1341585430, 23.592793, 3.973844
1341585431, 23.624589, 4.037948
1341585432, 23.656515, 4.102254
1341585433, 23.688567, 4.166756
1341585434, 23.720749, 4.231457
1341585435, 23.753062, 4.296356
1341585436, 23.785505, 4.361454
1341585437, 23.818081, 4.426751
1341585438, 23.850790, 4.492247
1341585439, 23.883635, 4.557945
1341585440, 23.916613, 4.623839
1341585441, 23.949728, 4.689933
1341585442, 23.982980, 4.756227
1341585443, 24.016371, 4.822721
1341585444, 24.049901, 4.889415
1341585445, 24.083571, 4.956310
1341585446, 24.117384, 5.023406
1341585447, 24.151340, 5.090706
1341585448, 24.185438, 5.158206
1341585449, 24.219681, 5.225908
1341585450, 24.254071, 5.293813
1341585451, 24.288607, 5.361921
1341585452, 24.323292, 5.430233
1341585453, 24.358126, 5.498750
1341585454, 24.393111, 5.567474
1341585455, 24.428248, 5.636402
1341585456, 24.463537, 5.705535
1341585457, 24.498980, 5.774876
1341585458, 24.534578, 5.844425
1341585459, 24.570333, 5.914182
1341585460, 24.606246, 5.984148
1341585461, 24.642317, 6.054324
1341585462, 24.678551, 6.124714
1341585463, 24.714944, 6.195313
1341585464, 24.751500, 6.266123
1341585465, 24.788221, 6.337147
1341585466, 24.825106, 6.408386
1341585467, 24.862159, 6.479839
1341585468, 24.899379, 6.551508
1341585469, 24.936771, 6.623396
1341585470, 24.974331, 6.695500
1341585471, 25.012064, 6.767822
1341585472, 25.049971, 6.840364
1341585473, 25.088052, 6.913127
1341585474, 25.126310, 6.986111
1341585475, 25.164745, 7.059319
1341585476, 25.203362, 7.132753
1341585477, 25.242157, 7.206410
1341585478, 25.281135, 7.280292
1341585479, 25.320297, 7.354402
1341585480, 25.359643, 7.428740
1341585481, 25.399177, 7.503308
1341585482, 25.438899, 7.578107
1341585483, 25.478811, 7.653137
1341585484, 25.518916, 7.728404
1341585485, 25.559212, 7.803902
1341585486, 25.599703, 7.879636
1341585487, 25.640390, 7.955607
1341585488, 25.681276, 8.031817
1341585489, 25.722361, 8.108266
1341585490, 25.763647, 8.184956
1341585491, 25.805138, 8.261891
1341585492, 25.846832, 8.339067
1341585493, 25.888733, 8.416488
1341585494, 25.930842, 8.494155
1341585495, 25.973161, 8.572071
1341585496, 26.015691, 8.650235
1341585497, 26.058436, 8.728651
1341585498, 26.101396, 8.807319
1341585499, 26.144575, 8.886244
1341585500, 26.187972, 8.965421
1341585501, 26.231590, 9.044855
1341585502, 26.275431, 9.124547
1341585503, 26.319497, 9.204500
1341585504, 26.363790, 9.284714
1341585505, 26.408312, 9.365191
1341585506, 26.453067, 9.445936
1341585507, 26.498053, 9.526944
1341585508, 26.543274, 9.608221
1341585509, 26.588733, 9.689767
1341585510, 26.634430, 9.771585
1341585511, 26.680370, 9.853676
1341585512, 26.726553, 9.936043
1341585513, 26.772981, 10.018685
1341585514, 26.819660, 10.101610
1341585515, 26.866587, 10.184812
1341585516, 26.913767, 10.268295
1341585517, 26.961201, 10.352063
1341585518, 27.008892, 10.436117
1341585519, 27.056843, 10.520458
1341585520, 27.105056, 10.605088
1341585521, 27.153535, 10.690014
1341585522, 27.202279, 10.775229
1341585523, 27.251291, 10.860740
1341585524, 27.300576, 10.946548
1341585525, 27.350134, 11.032656
1341585526, 27.399969, 11.119064
1341585527, 27.450083, 11.205776
1341585528, 27.500481, 11.292797
1341585529, 27.551162, 11.380121
1341585530, 27.602129, 11.467755
1341585531, 27.653387, 11.555701
1341585532, 27.704937, 11.643960
1341585533, 27.756782, 11.732535
1341585534, 27.808926, 11.821428
1341585535, 27.861370, 11.910642
1341585536, 27.914121, 12.000181
1341585537, 27.967176, 12.090041
1341585538, 28.020540, 12.180228
1341585539, 28.074218, 12.270744
1341585540, 28.128211, 12.361592
1341585541, 28.182522, 12.452773
1341585542, 28.237156, 12.544290
1341585543, 28.292116, 12.636149
1341585544, 28.347403, 12.728345
1341585545, 28.403021, 12.820884
1341585546, 28.458973, 12.913769
1341585547, 28.515264, 13.007002
1341585548, 28.571895, 13.100585
1341585549, 28.628871, 13.194520
1341585550, 28.686195, 13.288812
1341585551, 28.743873, 13.383464
1341585552, 28.801904, 13.478474
1341585553, 28.860292, 13.573846
1341585554, 28.919044, 13.669584
1341585555, 28.978160, 13.765690
1341585556, 29.037646, 13.862167
1341585557, 29.097506, 13.959017
1341585558, 29.157745, 14.056247
1341585559, 29.218362, 14.153852
1341585560, 29.279364, 14.251838
1341585561, 29.340754, 14.350209
1341585562, 29.402537, 14.448966
1341585563, 29.464717, 14.548114
1341585564, 29.527297, 14.647654
1341585565, 29.590285, 14.747593
1341585566, 29.653680, 14.847926
1341585567, 29.717487, 14.948661
1341585568, 29.781713, 15.049799
1341585569, 29.846361, 15.151345
1341585570, 29.911435, 15.253300
1341585571, 29.976940, 15.355668
1341585572, 30.042881, 15.458452
1341585573, 30.109264, 15.561658
1341585574, 30.176090, 15.665283
1341585575, 30.243365, 15.769332
1341585576, 30.311095, 15.873810
1341585577, 30.379285, 15.978718
1341585578, 30.447938, 16.084061
1341585579, 30.517061, 16.189841
1341585580, 30.586661, 16.296065
1341585581, 30.656737, 16.402729
1341585582, 30.727299, 16.509841
1341585583, 30.798350, 16.617402
1341585584, 30.869897, 16.725417
1341585585, 30.941945, 16.833888
1341585586, 31.014499, 16.942820
1341585587, 31.087566, 17.052214
1341585588, 31.161153, 17.162080
1341585589, 31.235260, 17.272412
1341585590, 31.309897, 17.383217
1341585591, 31.385069, 17.494500
1341585592, 31.460782, 17.606262
1341585593, 31.537043, 17.718509
1341585594, 31.613857, 17.831243
1341585595, 31.691235, 17.944472
1341585596, 31.769175, 18.058191
1341585597, 31.847688, 18.172408
1341585598, 31.926781, 18.287127
1341585599, 32.006459, 18.402351
1341585600, 32.086731, 18.518083
1341585601, 32.167601, 18.634328
1341585602, 32.249078, 18.751089
1341585603, 32.331172, 18.868375
1341585604, 32.413884, 18.986179
1341585605, 32.497223, 19.104511
1341585606, 32.581198, 19.223373
1341585607, 32.665816, 19.342771
1341585608, 32.751084, 19.462707
1341585609, 32.837011, 19.583185
1341585610, 32.923607, 19.704214
1341585611, 33.010873, 19.825788
1341585612, 33.098822, 19.947916
1341585613, 33.187461, 20.070602
1341585614, 33.276798, 20.193850
1341585615, 33.366843, 20.317663
1341585616, 33.457603, 20.442045
1341585617, 33.549091, 20.567006
1341585618, 33.641309, 20.692539
1341585619, 33.734268, 20.818654
1341585620, 33.827979, 20.945354
1341585621, 33.922451, 21.072643
1341585622, 34.017693, 21.200525
1341585623, 34.113714, 21.329005
1341585624, 34.210524, 21.458086
1341585625, 34.308137, 21.587777
1341585626, 34.406556, 21.718073
1341585627, 34.505794, 21.848982
1341585628, 34.605861, 21.980508
1341585629, 34.706768, 22.112657
1341585630, 34.808527, 22.245430
1341585631, 34.911147, 22.378834
1341585632, 35.014643, 22.512877
1341585633, 35.119020, 22.647552
1341585634, 35.224291, 22.782869
1341585635, 35.330469, 22.918832
1341585636, 35.437566, 23.055445
1341585637, 35.545593, 23.192712
1341585638, 35.654562, 23.330638
1341585639, 35.764487, 23.469225
1341585640, 35.875383, 23.608485
1341585641, 35.987255, 23.748409
1341585642, 36.100120, 23.889008
1341585643, 36.213991, 24.030285
1341585644, 36.328881, 24.172244
1341585645, 36.444805, 24.314890
1341585646, 36.561775, 24.458226
1341585647, 36.679812, 24.602262
1341585648, 36.798919, 24.746991
1341585649, 36.919115, 24.892421
1341585650, 37.040416, 25.038557
1341585651, 37.162837, 25.185404
1341585652, 37.286392, 25.332963
1341585653, 37.411098, 25.481240
1341585654, 37.536975, 25.630244
1341585655, 37.664029, 25.779967
1341585656, 37.792281, 25.930418
1341585657, 37.921748, 26.081601
1341585658, 38.052447, 26.233520
1341585659, 38.184396, 26.386178
1341585660, 38.317610, 26.539578
1341585661, 38.452109, 26.693724
1341585662, 38.587916, 26.848626
1341585663, 38.725038, 27.004273
1341585664, 38.863499, 27.160677
1341585665, 39.003319, 27.317839
1341585666, 39.144516, 27.475763
1341585667, 39.287111, 27.634451
1341585668, 39.431123, 27.793908
1341585669, 39.576578, 27.954141
1341585670, 39.723486, 28.115141
1341585671, 39.871874, 28.276916
1341585672, 40.021763, 28.439470
1341585673, 40.173174, 28.602804
1341585674, 40.326130, 28.766922
1341585675, 40.480654, 28.931824
1341585676, 40.636768, 29.097513
1341585677, 40.794502, 29.263998
1341585678, 40.953867, 29.431266
1341585679, 41.114895, 29.599327
1341585680, 41.277608, 29.768182
1341585681, 41.442033, 29.937831
1341585682, 41.608195, 30.108277
1341585683, 41.776120, 30.279520
1341585684, 41.945841, 30.451568
1341585685, 42.117371, 30.624407
1341585686, 42.290745, 30.798046
1341585687, 42.465989, 30.972483
1341585688, 42.643134, 31.147720
1341585689, 42.822206, 31.323756
1341585690, 43.003236, 31.500591
1341585691, 43.186254, 31.678223
1341585692, 43.371297, 31.856660
1341585693, 43.558381, 32.035885
1341585694, 43.747545, 32.215906
1341585695, 43.938821, 32.396719
1341585696, 44.132241, 32.578322
1341585697, 44.327838, 32.760715
1341585698, 44.525647, 32.943894
1341585699, 44.725710, 33.127864
1341585700, 44.928044, 33.312606
1341585701, 45.132694, 33.498125
1341585702, 45.339695, 33.684417
1341585703, 45.549085, 33.871477
1341585704, 45.760900, 34.059302
1341585705, 45.975179, 34.247885
1341585706, 46.191968, 34.437230
1341585707, 46.411290, 34.627315
1341585708, 46.633192, 34.818142
1341585709, 46.857716, 35.009704
1341585710, 47.084903, 35.201994
1341585711, 47.314794, 35.395005
1341585712, 47.547433, 35.588728
1341585713, 47.782861, 35.783155
1341585714, 48.021134, 35.978284
1341585715, 48.262276, 36.174092
1341585716, 48.506343, 36.370574
1341585717, 48.753380, 36.567721
1341585718, 49.003434, 36.765522
1341585719, 49.256554, 36.963963
1341585720, 49.512786, 37.163034
1341585721, 49.772191, 37.362729
1341585722, 50.034798, 37.563018
1341585723, 50.300667, 37.763894
1341585724, 50.569850, 37.965343
1341585725, 50.842399, 38.167349
1341585726, 51.118366, 38.369895
1341585727, 51.397806, 38.572964
1341585728, 51.680771, 38.776537
1341585729, 51.967329, 38.980605
1341585730, 52.257513, 39.185131
1341585731, 52.551390, 39.390103
1341585732, 52.849017, 39.595499
1341585733, 53.150453, 39.801297
1341585734, 53.455755, 40.007475
1341585735, 53.764983, 40.214007
1341585736, 54.078209, 40.420877
1341585737, 54.395470, 40.628043
1341585738, 54.716837, 40.835487
1341585739, 55.042374, 41.043179
1341585740, 55.372143, 41.251091
1341585741, 55.706206, 41.459193
1341585742, 56.044627, 41.667455
1341585743, 56.387483, 41.875851
1341585744, 56.734813, 42.084332
1341585745, 57.086693, 42.292872
1341585746, 57.443190, 42.501436
1341585747, 57.804369, 42.709986
1341585748, 58.170295, 42.918484
1341585749, 58.541036, 43.126891
1341585750, 58.916658, 43.335166
1341585751, 59.297241, 43.543277
1341585752, 59.682823, 43.751163
1341585753, 60.073486, 43.958789
1341585754, 60.469295, 44.166108
1341585755, 60.870317, 44.373074
1341585756, 61.276618, 44.579638
1341585757, 61.688264, 44.785751
1341585758, 62.105338, 44.991370
1341585759, 62.527871, 45.196425
1341585760, 62.955944, 45.400872
1341585761, 63.389621, 45.604654
1341585762, 63.828965, 45.807716
1341585763, 64.274036, 46.009999
1341585764, 64.724898, 46.211443
1341585765, 65.181608, 46.411987
1341585766, 65.644244, 46.611578
1341585767, 66.112826, 46.810136
1341585768, 66.587427, 47.007603
1341585769, 67.068102, 47.203912
1341585770, 67.554900, 47.398996
1341585771, 68.047871, 47.592786
1341585772, 68.547063, 47.785210
1341585773, 69.052540, 47.976205
1341585774, 69.564303, 48.165682
1341585775, 70.082412, 48.353573
1341585776, 70.606902, 48.539803
1341585777, 71.137805, 48.724296
1341585778, 71.675150, 48.906973
1341585779, 72.218963, 49.087754
1341585780, 72.769265, 49.266559
1341585781, 73.326094, 49.443314
1341585782, 73.889420, 49.617923
1341585783, 74.459271, 49.790309
1341585784, 75.035651, 49.960389
1341585785, 75.618558, 50.128077
1341585786, 76.207984, 50.293288
1341585787, 76.803916, 50.455936
1341585788, 77.406360, 50.615942
1341585789, 78.015241, 50.773205
1341585790, 78.630553, 50.927644
1341585791, 79.252257, 51.079172
1341585792, 79.880309, 51.227702
1341585793, 80.514658, 51.373146
1341585794, 81.155244, 51.515418
1341585795, 81.802028, 51.654434
1341585796, 82.454884, 51.790098
1341585797, 83.113757, 51.922330
1341585798, 83.778558, 52.051042
1341585799, 84.449190, 52.176153
1341585800, 85.125548, 52.297576
1341585801, 85.807519, 52.415230
1341585802, 86.494982, 52.529034
1341585803, 87.187835, 52.638912
1341585804, 87.885885, 52.744777
1341585805, 88.589013, 52.846556
1341585806, 89.297067, 52.944175
1341585807, 90.009882, 53.037562
1341585808, 90.727290, 53.126644
1341585809, 91.449112, 53.211355
1341585810, 92.175192, 53.291632
1341585811, 92.905277, 53.367404
1341585812, 93.639195, 53.438615
1341585813, 94.376740, 53.505208
1341585814, 95.117696, 53.567128
1341585815, 95.861841, 53.624323
1341585816, 96.608950, 53.676746
1341585817, 97.358787, 53.724352
1341585818, 98.111146, 53.767102
1341585819, 98.865721, 53.804955
1341585820, 99.622295, 53.837880
1341585821, 100.380615, 53.865846
1341585822, 101.140426, 53.888827
1341585823, 101.901468, 53.906803
1341585824, 102.663481, 53.919755
1341585825, 103.426230, 53.927669
1341585826, 104.189391, 53.930535
1341585827, 104.952727, 53.928349
1341585828, 105.715972, 53.921108
1341585829, 106.478860, 53.908817
1341585830, 107.241125, 53.891480
1341585831, 108.002504, 53.869111
1341585832, 108.762733, 53.841724
1341585833, 109.521585, 53.809338
1341585834, 110.278740, 53.771977
1341585835, 111.033976, 53.729668
1341585836, 111.787043, 53.682443
1341585837, 112.537696, 53.630337
1341585838, 113.285694, 53.573387
1341585839, 114.030803, 53.511637
1341585840, 114.772822, 53.445130
1341585841, 115.511469, 53.373920
1341585842, 116.246557, 53.298057
1341585843, 116.977875, 53.217596
1341585844, 117.705221, 53.132598
1341585845, 118.428398, 53.043122
1341585846, 119.147217, 52.949234
1341585847, 119.861528, 52.850996
1341585848, 120.571098, 52.748485
1341585849, 121.275794, 52.641769
1341585850, 121.975456, 52.530922
1341585851, 122.669938, 52.416020
1341585852, 123.359098, 52.297140
1341585853, 124.042804, 52.174360
1341585854, 124.720932, 52.047763
1341585855, 125.393394, 51.917424
1341585856, 126.060028, 51.783438
1341585857, 126.720761, 51.645883
1341585858, 127.375502, 51.504845
1341585859, 128.024167, 51.360410
1341585860, 128.666679, 51.212664
1341585861, 129.302971, 51.061695
1341585862, 129.933006, 50.907584
1341585863, 130.556681, 50.750431
1341585864, 131.173972, 50.590318
1341585865, 131.784841, 50.427333
1341585866, 132.389253, 50.261563
1341585867, 132.987182, 50.093096
1341585868, 133.578606, 49.922020
1341585869, 134.163511, 49.748421
1341585870, 134.741910, 49.572379
1341585871, 135.313753, 49.393993
1341585872, 135.879064, 49.213341
1341585873, 136.437849, 49.030508
1341585874, 136.990121, 48.845577
1341585875, 137.535893, 48.658630
1341585876, 138.075186, 48.469750
1341585877, 138.608045, 48.279009
1341585878, 139.134455, 48.086502
1341585879, 139.654469, 47.892299
1341585880, 140.168121, 47.696479
1341585881, 140.675449, 47.499116
1341585882, 141.176494, 47.300286
1341585883, 141.671299, 47.100062
1341585884, 142.159930, 46.898507
1341585885, 142.642397, 46.695711
1341585886, 143.118769, 46.491732
1341585887, 143.589100, 46.286640
1341585888, 144.053444, 46.080501
1341585889, 144.511857, 45.873381
1341585890, 144.964398, 45.665344
1341585891, 145.411125, 45.456451
1341585892, 145.852116, 45.246756
1341585893, 146.287398, 45.036335
1341585894, 146.717052, 44.825238
1341585895, 147.141139, 44.613521
1341585896, 147.559726, 44.401241
1341585897, 147.972876, 44.188450
1341585898, 148.380654, 43.975202
1341585899, 148.783144, 43.761539
1341585900, 149.180377, 43.547528
1341585901, 149.572438, 43.333209
1341585902, 149.959392, 43.118630
1341585903, 150.341306, 42.903834
1341585904, 150.718247, 42.688868
1341585905, 151.090281, 42.473774
1341585906, 151.457475, 42.258594
1341585907, 151.819909, 42.043360
1341585908, 152.177621, 41.828129
1341585909, 152.530689, 41.612929
1341585910, 152.879181, 41.397798
1341585911, 153.223161, 41.182772
1341585912, 153.562693, 40.967884
1341585913, 153.897842, 40.753169
1341585914, 154.228685, 40.538649
1341585915, 154.555257, 40.324374
1341585916, 154.877636, 40.110364
1341585917, 155.195882, 39.896648
1341585918, 155.510058, 39.683255
1341585919, 155.820223, 39.470212
1341585920, 156.126438, 39.257543
1341585921, 156.428763, 39.045275
1341585922, 156.727268, 38.833422
1341585923, 157.021988, 38.622026
1341585924, 157.312990, 38.411098
1341585925, 157.600334, 38.200661
1341585926, 157.884073, 37.990736
1341585927, 158.164264, 37.781341
1341585928, 158.440960, 37.572495
1341585929, 158.714227, 37.364208
1341585930, 158.984096, 37.156515
1341585931, 159.250629, 36.949422
1341585932, 159.513879, 36.742946
1341585933, 159.773896, 36.537101
1341585934, 160.030729, 36.331903
1341585935, 160.284430, 36.127364
1341585936, 160.535055, 35.923489
1341585937, 160.782633, 35.720307
1341585938, 161.027220, 35.517822
1341585939, 161.268864, 35.316044
1341585940, 161.507609, 35.114985
1341585941, 161.743502, 34.914653
1341585942, 161.976585, 34.715058
1341585943, 162.206902, 34.516210
1341585944, 162.434506, 34.318108
1341585945, 162.659419, 34.120777
1341585946, 162.881694, 33.924215
1341585947, 163.101370, 33.728430
1341585948, 163.318487, 33.533428
1341585949, 163.533085, 33.339214
1341585950, 163.745203, 33.145795
1341585951, 163.954887, 32.953168
1341585952, 164.162158, 32.761353
1341585953, 164.367061, 32.570347
1341585954, 164.569633, 32.380153
1341585955, 164.769908, 32.190775
1341585956, 164.967922, 32.002217
1341585957, 165.163710, 31.814481
1341585958, 165.357304, 31.627570
1341585959, 165.548747, 31.441479
1341585960, 165.738055, 31.256225
1341585961, 165.925269, 31.071802
1341585962, 166.110419, 30.888211
1341585963, 166.293537, 30.705453
1341585964, 166.474654, 30.523530
1341585965, 166.653799, 30.342442
1341585966, 166.831008, 30.162182
1341585967, 167.006298, 29.982764
1341585968, 167.179702, 29.804182
1341585969, 167.351250, 29.626435
1341585970, 167.520968, 29.449523
1341585971, 167.688884, 29.273445
1341585972, 167.855024, 29.098200
1341585973, 168.019422, 28.923779
1341585974, 168.182088, 28.750197
1341585975, 168.343055, 28.577444
1341585976, 168.502349, 28.405518
1341585977, 168.659992, 28.234418
1341585978, 168.816010, 28.064143
1341585979, 168.970425, 27.894689
1341585980, 169.123261, 27.726056
1341585981, 169.274547, 27.558233
1341585982, 169.424292, 27.391232
1341585983, 169.572525, 27.225044
1341585984, 169.719267, 27.059666
1341585985, 169.864539, 26.895095
1341585986, 170.008363, 26.731328
1341585987, 170.150758, 26.568363
1341585988, 170.291751, 26.406189
1341585989, 170.431350, 26.244817
1341585990, 170.569579, 26.084237
1341585991, 170.706459, 25.924446
1341585992, 170.842008, 25.765440
1341585993, 170.976244, 25.607216
1341585994, 171.109294, 25.449620
1341585995, 171.240958, 25.292948
1341585996, 171.371369, 25.137042
1341585997, 171.500533, 24.981909
1341585998, 171.628471, 24.827539
1341585999, 171.755202, 24.673930
1341586000, 171.880741, 24.521076
1341586001, 172.005105, 24.368974
1341586002, 172.128308, 24.217620
1341586003, 172.250373, 24.067004
1341586004, 172.371303, 23.917134
1341586005, 172.491120, 23.768000
1341586006, 172.609839, 23.619598
1341586007, 172.727472, 23.471924
1341586008, 172.844036, 23.324974
1341586009, 172.959544, 23.178742
1341586010, 173.074011, 23.033226
1341586011, 173.187453, 22.888416
1341586012, 173.299876, 22.744318
1341586013, 173.411298, 22.600922
1341586014, 173.521731, 22.458225
1341586015, 173.631188, 22.316222
1341586016, 173.739682, 22.174909
1341586017, 173.847225, 22.034281
1341586018, 173.953833, 21.894330
1341586019, 174.059511, 21.755060
1341586020, 174.164274, 21.616464
1341586021, 174.268134, 21.478535
1341586022, 174.371102, 21.341271
1341586023, 174.473189, 21.204667
1341586024, 174.574407, 21.068718
1341586025, 174.674770, 20.933415
1341586026, 174.774281, 20.798764
1341586027, 174.872955, 20.664756
1341586028, 174.970802, 20.531386
1341586029, 175.067833, 20.398651
1341586030, 175.164057, 20.266545
1341586031, 175.259484, 20.135065
1341586032, 175.354124, 20.004206
1341586033, 175.447990, 19.873960
1341586034, 175.541085, 19.744331
1341586035, 175.633421, 19.615311
1341586036, 175.725007, 19.486896
1341586037, 175.815854, 19.359081
1341586038, 175.905968, 19.231862
1341586039, 175.995360, 19.105236
1341586040, 176.084042, 18.979192
1341586041, 176.172014, 18.853737
1341586042, 176.259289, 18.728862
1341586043, 176.345875, 18.604563
1341586044, 176.431780, 18.480835
1341586045, 176.517012, 18.357675
1341586046, 176.601579, 18.235078
1341586047, 176.685488, 18.113041
1341586048, 176.768752, 17.991555
1341586049, 176.851369, 17.870626
1341586050, 176.933352, 17.750244
1341586051, 177.014708, 17.630406
1341586052, 177.095444, 17.511107
1341586053, 177.175566, 17.392345
1341586054, 177.255082, 17.274115
1341586055, 177.334003, 17.156409
1341586056, 177.412327, 17.039232
1341586057, 177.490066, 16.922576
1341586058, 177.567226, 16.806437
1341586059, 177.643813, 16.690812
1341586060, 177.719833, 16.575696
1341586061, 177.795294, 16.461086
1341586062, 177.870204, 16.346973
1341586063, 177.944564, 16.233364
1341586064, 178.018381, 16.120250
1341586065, 178.091664, 16.007627
1341586066, 178.164416, 15.895493
1341586067, 178.236645, 15.783842
1341586068, 178.308356, 15.672673
1341586069, 178.379554, 15.561980
1341586070, 178.450248, 15.451758
1341586071, 178.520437, 15.342010
1341586072, 178.590130, 15.232729
1341586073, 178.659333, 15.123912
1341586074, 178.728050, 15.015555
1341586075, 178.796286, 14.907656
1341586076, 178.864048, 14.800209
1341586077, 178.931342, 14.693209
1341586078, 178.998167, 14.586661
1341586079, 179.064533, 14.480556
1341586080, 179.130443, 14.374892
1341586081, 179.195902, 14.269665
1341586082, 179.260915, 14.164872
1341586083, 179.325487, 14.060511
1341586084, 179.389622, 13.956578
1341586085, 179.453327, 13.853066
1341586086, 179.516602, 13.749979
1341586087, 179.579454, 13.647312
1341586088, 179.641886, 13.545061
1341586089, 179.703903, 13.443222
1341586090, 179.765510, 13.341793
1341586091, 179.826711, 13.240771
1341586092, 179.887511, 13.140150
1341586093, 179.947911, 13.039933
1341586094, 180.007916, 12.940115
1341586095, 180.067532, 12.840693
1341586096, 180.126761, 12.741663
1341586097, 180.185607, 12.643022
1341586098, 180.244075, 12.544769
1341586099, 180.302167, 12.446901
1341586100, 180.359891, 12.349410
1341586101, 180.417245, 12.252302
1341586102, 180.474234, 12.155570
1341586103, 180.530864, 12.059212
1341586104, 180.587136, 11.963225
1341586105, 180.643055, 11.867607
1341586106, 180.698624, 11.772354
1341586107, 180.753848, 11.677461
1341586108, 180.808727, 11.582932
1341586109, 180.863266, 11.488762
1341586110, 180.917469, 11.394947
1341586111, 180.971338, 11.301486
1341586112, 181.024876, 11.208376
1341586113, 181.078087, 11.115614
1341586114, 181.130977, 11.023195
1341586115, 181.183543, 10.931123
1341586116, 181.235791, 10.839393
1341586117, 181.287724, 10.748002
1341586118, 181.339346, 10.656947
1341586119, 181.390658, 10.566227
1341586120, 181.441663, 10.475839
1341586121, 181.492366, 10.385782
1341586122, 181.542770, 10.296048
1341586123, 181.592874, 10.206644
1341586124, 181.642683, 10.117564
1341586125, 181.692199, 10.028805
1341586126, 181.741426, 9.940365
1341586127, 181.790366, 9.852242
1341586128, 181.839022, 9.764434
1341586129, 181.887397, 9.676936
1341586130, 181.935491, 9.589753
1341586131, 181.983309, 9.502878
1341586132, 182.030852, 9.416311
1341586133, 182.078124, 9.330048
1341586134, 182.125126, 9.244089
1341586135, 182.171861, 9.158431
1341586136, 182.218331, 9.073073
1341586137, 182.264541, 8.988008
1341586138, 182.310490, 8.903243
1341586139, 182.356181, 8.818771
1341586140, 182.401616, 8.734591
1341586141, 182.446798, 8.650702
1341586142, 182.491729, 8.567101
1341586143, 182.536412, 8.483787
1341586144, 182.580850, 8.400754
1341586145, 182.625042, 8.318008
1341586146, 182.668991, 8.235544
1341586147, 182.712700, 8.153360
1341586148, 182.756171, 8.071454
1341586149, 182.799406, 7.989825
1341586150, 182.842407, 7.908471
1341586151, 182.885178, 7.827388
1341586152, 182.927716, 7.746580
1341586153, 182.970027, 7.666042
1341586154, 183.012111, 7.585774
1341586155, 183.053972, 7.505773
1341586156, 183.095609, 7.426039
1341586157, 183.137027, 7.346569
1341586158, 183.178225, 7.267363
1341586159, 183.219209, 7.188415
1341586160, 183.259975, 7.109731
1341586161, 183.300529, 7.031307
1341586162, 183.340871, 6.953141
1341586163, 183.381003, 6.875231
1341586164, 183.420927, 6.797577
1341586165, 183.460645, 6.720177
1341586166, 183.500160, 6.643027
1341586167, 183.539470, 6.566133
1341586168, 183.578579, 6.489489
1341586169, 183.617489, 6.413094
1341586170, 183.656200, 6.336948
1341586171, 183.694715, 6.261050
1341586172, 183.733036, 6.185398
1341586173, 183.771163, 6.109991
1341586174, 183.809100, 6.034826
1341586175, 183.846845, 5.959907
1341586176, 183.884401, 5.885231
1341586177, 183.921771, 5.810796
1341586178, 183.958954, 5.736602
1341586179, 183.995954, 5.662648
1341586180, 184.032771, 5.588933
1341586181, 184.069408, 5.515454
1341586182, 184.105863, 5.442214
1341586183, 184.142141, 5.369212
1341586184, 184.178241, 5.296446
1341586185, 184.214166, 5.223915
1341586186, 184.249916, 5.151619
1341586187, 184.285493, 5.079557
1341586188, 184.320899, 5.007729
1341586189, 184.356136, 4.936131
1341586190, 184.391202, 4.864769
1341586191, 184.426101, 4.793639
1341586192, 184.460834, 4.722740
1341586193, 184.495401, 4.652074
1341586194, 184.529805, 4.581638
1341586195, 184.564046, 4.511433
1341586196, 184.598127, 4.441456
1341586197, 184.632046, 4.371713
1341586198, 184.665807, 4.302199
1341586199, 184.699409, 4.232916
1341586200, 184.732856, 4.163862
1341586201, 184.766147, 4.095039
1341586202, 184.799283, 4.026446
1341586203, 184.832268, 3.958080
1341586204, 184.865100, 3.889948
1341586205, 184.897781, 3.822045
1341586206, 184.930313, 3.754374
1341586207, 184.962695, 3.686933
1341586208, 184.994931, 3.619724
1341586209, 185.027020, 3.552747
1341586210, 185.058963, 3.486001
1341586211, 185.090764, 3.419486
1341586212, 185.122420, 3.353207
1341586213, 185.153934, 3.287162
1341586214, 185.185307, 3.221351
1341586215, 185.216540, 3.155776
1341586216, 185.247634, 3.090437
1341586217, 185.278590, 3.025335
1341586218, 185.309409, 2.960469
1341586219, 185.340092, 2.895845
1341586220, 185.370639, 2.831462
1341586221, 185.401053, 2.767320
1341586222, 185.431333, 2.703421
1341586223, 185.461481, 2.639766
1341586224, 185.491497, 2.576357
1341586225, 185.521383, 2.513195
1341586226, 185.551141, 2.450279
1341586227, 185.580769, 2.387617
1341586228, 185.610270, 2.325207
1341586229, 185.639644, 2.263051
1341586230, 185.668891, 2.201151
1341586231, 185.698014, 2.139509
1341586232, 185.727013, 2.078128
1341586233, 185.755890, 2.017007
1341586234, 185.784643, 1.956152
1341586235, 185.813274, 1.895565
1341586236, 185.841785, 1.835247
1341586237, 185.870176, 1.775201
1341586238, 185.898448, 1.715429
1341586239, 185.926602, 1.655934
1341586240, 185.954639, 1.596716
1341586241, 185.982558, 1.537783
1341586242, 186.010362, 1.479134
1341586243, 186.038051, 1.420773
1341586244, 186.065625, 1.362702
1341586245, 186.093086, 1.304924
1341586246, 186.120434, 1.247441
1341586247, 186.147670, 1.190256
1341586248, 186.174796, 1.133369
1341586249, 186.201810, 1.076787
1341586250, 186.228715, 1.020510
1341586251, 186.255511, 0.964539
1341586252, 186.282198, 0.908877
1341586253, 186.308778, 0.853524
1341586254, 186.335250, 0.798482
1341586255, 186.361618, 0.743750
1341586256, 186.387879, 0.689330
1341586257, 186.414036, 0.635222
1341586258, 186.440088, 0.581423
1341586259, 186.466037, 0.527931
1341586260, 186.491883, 0.474745
1341586261, 186.517627, 0.421860
1341586262, 186.543270, 0.369271
